function f = fTa(Ta)
f = -139.34411 + 1.575701e5/Ta - 6.642308e7/Ta^2;
f = f + 1.2438e10/Ta^3 - 8.621949e11/Ta^4;
f = f - log(8);



end

